RAF 
1500 10867739 
1500 10876073 
1500 10884407 
1500 10892741 
1500 10901075 
1500 10909409 
1500 10917743 
1500 10926077 
1500 10934411 
1500 10942745 
1500 10951079 
1500 10959413 
1500 10967747 
1500 10976081 
1500 10984415 
1500 10992749 
1500 11001083 
1500 11009417 
1500 11017751 
1500 11026085 
1500 11034419 
1500 11042753 
1500 11051087 
1500 11059421 
1500 11067755 
1500 11076089 
1500 11084423 
1500 11092757 
1500 11101091 
1500 11109425 
1500 11117759 
1500 11126093 
1500 11134427 
1500 11142761 
1500 11151095 
1500 11159429 
1500 11167763 
1500 11176097 
1500 11184431 
1500 11192765 
1500 11201099 
1500 11209433 
1500 11217767 
1500 11226101 
1500 11234435 
1500 11242769 
1500 11251103 
1500 11259437 
1500 11267771 
1500 11276105 
1500 11284439 
1500 11292773 
1500 11301107 
1500 11309441 
1500 11317775 
1500 11326109 
1500 11334443 
1500 11342777 
1500 11351111 
1500 11359445 
1500 11367779 
1500 11376113 
1500 11384447 
1500 11392781 
1500 11401115 
1500 11409449 
1500 11417783 
1500 11426117 
1500 11434451 
1500 11442785 
1500 11451119 
1500 11459453 
1500 11467787 
1500 11476121 
1500 11484455 
1500 11492789 
1500 11501123 
1500 11509457 
1500 11517791 
1500 11526125 
1500 11534459 
1500 11542793 
1500 11551127 
1500 11559461 
1500 11567795 
1500 11576129 
1500 11584463 
1500 11592797 
1500 11601131 
1500 11609465 
1500 11617799 
1500 11626133 
1500 11634467 
1500 11642801 
1500 11651135 
1500 11659469 
1500 11667803 
1500 11676137 
1500 11684471 
1500 11692805 
1500 11701139 
1500 11709473 
1500 11717807 
1500 11726141 
1500 11734475 
1500 11742809 
1500 11751143 
1500 11759477 
1500 11767811 
1500 11776145 
1500 11784479 
1500 11792813 
1500 11801147 
1500 11809481 
1500 11817815 
1500 11826149 
1500 11834483 
1500 11842817 
1500 11851151 
1500 11859485 
1500 11867819 
1500 11876153 
1500 11884487 
1500 11892821 
1500 11901155 
1500 11909489 
1500 11917823 
1500 11926157 
1500 11934491 
1500 11942825 
1500 11951159 
1500 11959493 
1500 11967827 
1500 11976161 
1500 11984495 
1500 11992829 
1500 12001163 
1500 12009497 
1500 12017831 
1500 12026165 
1500 12034499 
1500 12042833 
1500 12051167 
1500 12059501 
1500 12067835 
1500 12076169 
1500 12084503 
1500 12092837 
1500 12101171 
1500 12109505 
1500 12117839 
1500 12126173 
1500 12134507 
1500 12142841 
1500 12151175 
1500 12159509 
1500 12167843 
1500 12176177 
1500 12184511 
1500 12192845 
1500 12201179 
1500 12209513 
1500 12217847 
1500 12226181 
1500 12234515 
1500 12242849 
1500 12251183 
1500 12259517 
1500 12267851 
1500 12276185 
1500 12284519 
1500 12292853 
1500 12301187 
1500 12309521 
1500 12317855 
1500 12326189 
1500 12334523 
1500 12342857 
1500 12351191 
1500 12359525 
1500 12367859 
1500 12376193 
1500 12384527 
1500 12392861 
1500 12401195 
1500 12409529 
1500 12417863 
1500 12426197 
1500 12434531 
1500 12442865 
1500 12451199 
1500 12459533 
1500 12467867 
1500 12476201 
1500 12484535 
1500 12492869 
1500 12501203 
1500 12509537 
1500 12517871 
1500 12526205 
1500 12534539 
1500 12542873 
1500 12551207 
1500 12559541 
1500 12567875 
1500 12576209 
1500 12584543 
1500 12592877 
1500 12601211 
1500 12609545 
1500 12617879 
1500 12626213 
1500 12634547 
1500 12642881 
1500 12651215 
1500 12659549 
1500 12667883 
1500 12676217 
1500 12684551 
1500 12692885 
1500 12701219 
1500 12709553 
1500 12717887 
1500 12726221 
1500 12734555 
1500 12742889 
1500 12751223 
1500 12759558 
1500 12767892 
1500 12776226 
1500 12784560 
1500 12792894 
1500 12801228 
1500 12809562 
1500 12817896 
1500 12826230 
1500 12834564 
1500 12842898 
1500 12851232 
1500 12859566 
1500 12867900 
1500 12876234 
1500 12884568 
1500 12892902 
1500 12901236 
1500 12909570 
1500 12917904 
1500 12926238 
1500 12934572 
1500 12942906 
1500 12951240 
1500 12959574 
1500 12967908 
1500 12976242 
1500 12984576 
1500 12992910 
1500 13001244 
1500 13009578 
1500 13017912 
1500 13026246 
1500 13034580 
1500 13042914 
1500 13051248 
1500 13059582 
1500 13067916 
1500 13076250 
1500 13084584 
1500 13092918 
1500 13101252 
1500 13109586 
1500 13117920 
1500 13126254 
1500 13134588 
1500 13142922 
1500 13151256 
1500 13159594 
1500 13167928 
1500 13176262 
1500 13184596 
1500 13192930 
1500 13201264 
1500 13209598 
1500 13217932 
1500 13226266 
1500 13234600 
1500 13242934 
1500 13251268 
1500 13259602 
1500 13267936 
1500 13276270 
1500 13284604 
1500 13292938 
1500 13301272 
1500 13309606 
1500 13317940 
1500 13326274 
1500 13334608 
1500 13342942 
1500 13351276 
1500 13359610 
1500 13367944 
1500 13376278 
1500 13384612 
1500 13392946 
1500 13401280 
1500 13409614 
1500 13417948 
1500 13426282 
1500 13434616 
1500 13442950 
1500 13451284 
1500 13459618 
1500 13467952 
1500 13476286 
1500 13484620 
1500 13492954 
1500 13501288 
1500 13509622 
1500 13517956 
1500 13526290 
1500 13534624 
1500 13542958 
1500 13551292 
1500 13559626 
1500 13567960 
1500 13576294 
1500 13584628 
1500 13592962 
1500 13601296 
1500 13609630 
1500 13617964 
1500 13626298 
1500 13634632 
1500 13642966 
1500 13651300 
1500 13659634 
1500 13667968 
1500 13676302 
1500 13684636 
1500 13692970 
1500 13701304 
1500 13709638 
1500 13717972 
1500 13726306 
1500 13734640 
1500 13742974 
1500 13751308 
1500 13759642 
1500 13767976 
1500 13776310 
1500 13784644 
1500 13792978 
1500 13801312 
1500 13809646 
1500 13817980 
1500 13826314 
1500 13834648 
1500 13842982 
1500 13851316 
1500 13859650 
1500 13867984 
1500 13876318 
1500 13884652 
1500 13892986 
1500 13901320 
1500 13909654 
1500 13917988 
1500 13926322 
1500 13934656 
1500 13942990 
1500 13951324 
1500 13959658 
1500 13967992 
1500 13976326 
1500 13984660 
1500 13992994 
1500 14001328 
1500 14009662 
1500 14017996 
1500 14026330 
1500 14034664 
1500 14042998 
1500 14051332 
1500 14059666 
1500 14068000 
1500 14076334 
1500 14084668 
1500 14093002 
1500 14101336 
1500 14109670 
1500 14118004 
1500 14126338 
1500 14134672 
1500 14143006 
1500 14151340 
1500 14159674 
1500 14168008 
1500 14176342 
1500 14184676 
1500 14193010 
1500 14201344 
1500 14209678 
1500 14218012 
1500 14226346 
1500 14234680 
1500 14243014 
1500 14251348 
1500 14259682 
1500 14268016 
1500 14276350 
1500 14284684 
1500 14293018 
1500 14301352 
1500 14309686 
1500 14318020 
1500 14326354 
1500 14334688 
1500 14343022 
1500 14351356 
1500 14359690 
1500 14368024 
1500 14376358 
1500 14384692 
1500 14393026 
1500 14401360 
1500 14409694 
1500 14418028 
1500 14426362 
1500 14434696 
1500 14443030 
1500 14451364 
1500 14459698 
1500 14468032 
1500 14476366 
1500 14484700 
1500 14493034 
1500 14501368 
1500 14509702 
1500 14518036 
1500 14526370 
1500 14534704 
1500 14543038 
1500 14551372 
1500 14559706 
1500 14568040 
1500 14576374 
1500 14584708 
1500 14593042 
1500 14601376 
1500 14609710 
1500 14618044 
1500 14626378 
1500 14634712 
1500 14643046 
1500 14651380 
1500 14659714 
1500 14668048 
1500 14676382 
1500 14684716 
1500 14693050 
1500 14701384 
1500 14709718 
1500 14718052 
1500 14726386 
1500 14734720 
1500 14743054 
1500 14751388 
1500 14759722 
1500 14768056 
1500 14776390 
1500 14784724 
1500 14793058 
1500 14801392 
1500 14809726 
1500 14818060 
1500 14826394 
1500 14834728 
1500 14843062 
1500 14851396 
1500 14859730 
1500 14868064 
1500 14876398 
1500 14884732 
1500 14893066 
1500 14901400 
1500 14909734 
1500 14918068 
1500 14926402 
1500 14934736 
1500 14943070 
1500 14951404 
1500 14959738 
1500 14968072 
1500 14976406 
1500 14984740 
1500 14993074 
1500 15001408 
1500 15009742 
1500 15018076 
1500 15026410 
1500 15034744 
1500 15043078 
1500 15051412 
1500 15059746 
1500 15068080 
1500 15076414 
1500 15084748 
1500 15093082 
1500 15101416 
1500 15109750 
1500 15118084 
1500 15126418 
1500 15134752 
1500 15143086 
1500 15151420 
1500 15159754 
1500 15168088 
1500 15176422 
1500 15184756 
1500 15193090 
1500 15201424 
1500 15209758 
1500 15218092 
1500 15226426 
1500 15234760 
1500 15243094 
1500 15251428 
1500 15259762 
1500 15268096 
1500 15276430 
1500 15284764 
1500 15293098 
1500 15301432 
1500 15309766 
1500 15318100 
1500 15326434 
1500 15334768 
1500 15343102 
1500 15351436 
1500 15359770 
1500 15368104 
1500 15376438 
1500 15384772 
1500 15393106 
1500 15401440 
1500 15409774 
1500 15418108 
1500 15426442 
1500 15434776 
1500 15443110 
1500 15451444 
1500 15459778 
1500 15468112 
1500 15476446 
1500 15484780 
1500 15493114 
1500 15501448 
1500 15509782 
1500 15518116 
1500 15526450 
1500 15534784 
1500 15543118 
1500 15551452 
1500 15559786 
1500 15568120 
1500 15576454 
1500 15584788 
1500 15593122 
1500 15601456 
1500 15609790 
1500 15618124 
1500 15626458 
1500 15634792 
1500 15643126 
1500 15651460 
1500 15659794 
1500 15668128 
1500 15676462 
1500 15684796 
1500 15693130 
1500 15701464 
1500 15709798 
1500 15718132 
1500 15726466 
1500 15734800 
1500 15743134 
1500 15751468 
1500 15759802 
1500 15768136 
1500 15776470 
1500 15784804 
1500 15793138 
1500 15801472 
1500 15809806 
1500 15818140 
1500 15826474 
1500 15834808 
1500 15843142 
1500 15851476 
1500 15859810 
0 15868144 
0 15876478 
0 15884812 
0 15893146 
0 15901480 
0 15909814 
0 15918148 
0 15926482 
0 15934816 
0 15943150 
0 15951484 
0 15959818 
0 15968152 
0 15976486 
0 15984820 
0 15993154 
0 16001488 
0 16009822 
0 16018156 
0 16026490 
0 16034824 
0 16043158 
0 16051492 
0 16059826 
0 16068160 
0 16076494 
0 16084828 
0 16093162 
0 16101496 
0 16109830 
0 16118164 
0 16126498 
0 16134832 
0 16143166 
0 16151500 
0 16159834 
0 16168168 
0 16176502 
0 16184836 
0 16193170 
0 16201504 
0 16209838 
0 16218172 
0 16226506 
0 16234840 
0 16243174 
0 16251508 
0 16259842 
0 16268176 
0 16276510 
0 16284844 
0 16293178 
0 16301512 
0 16309846 
0 16318180 
0 16326514 
0 16334848 
0 16343182 
0 16351516 
0 16359850 
0 16368184 
0 16376518 
0 16384852 
0 16393186 
0 16401520 
0 16409854 
0 16418188 
0 16426522 
0 16434856 
0 16443190 
0 16451524 
0 16459858 
0 16468192 
0 16476526 
0 16484860 
0 16493194 
0 16501528 
0 16509862 
0 16518196 
0 16526530 
0 16534864 
0 16543198 
0 16551532 
0 16559866 
0 16568200 
0 16576534 
0 16584868 
0 16593202 
0 16601536 
0 16609870 
0 16618204 
0 16626538 
0 16634872 
0 16643206 
0 16651540 
0 16659874 
0 16668208 
0 16676542 
0 16684876 
0 16693210 
0 16701544 
0 16709878 
0 16718212 
0 16726546 
0 16734880 
0 16743214 
0 16751548 
0 16759882 
0 16768216 
0 16776550 
0 16784884 
0 16793218 
0 16801552 
0 16809886 
0 16818220 
0 16826554 
0 16834888 
0 16843222 
0 16851556 
0 16859890 
0 16868224 
0 16876558 
0 16884892 
0 16893226 
0 16901560 
0 16909894 
0 16918228 
0 16926562 
0 16934896 
0 16943230 
0 16951564 
0 16959898 
0 16968232 
0 16976566 
0 16984900 
0 16993234 
0 17001568 
0 17009902 
0 17018236 
0 17026570 
0 17034904 
0 17043238 
0 17051572 
0 17059906 
0 17068240 
0 17076574 
0 17084908 
0 17093242 
0 17101576 
0 17109910 
0 17118244 
0 17126578 
0 17134912 
0 17143246 
0 17151580 
0 17159914 
0 17168248 
0 17176582 
0 17184916 
0 17193250 
0 17201584 
0 17209918 
0 17218252 
0 17226586 
0 17234920 
0 17243254 
0 17251588 
0 17259922 
0 17268256 
0 17276590 
0 17284924 
0 17293258 
0 17301592 
0 17309926 
0 17318260 
0 17326594 
0 17334928 
0 17343262 
0 17351596 
0 17359930 
0 17368264 
0 17376598 
0 17384932 
0 17393266 
0 17401600 
0 17409934 
0 17418268 
0 17426602 
0 17434936 
0 17443270 
0 17451626 
0 17459960 
0 17468294 
0 17476628 
0 17484962 
0 17493296 
0 17501630 
0 17509964 
0 17518298 
0 17526632 
0 17534966 
0 17543300 
0 17551634 
0 17559968 
0 17568302 
0 17576636 
0 17584970 
0 17593304 
0 17601638 
0 17609972 
0 17618306 
0 17626640 
0 17634974 
0 17643308 
0 17651642 
0 17659976 
0 17668310 
0 17676644 
0 17684978 
0 17693312 
0 17701646 
0 17709980 
0 17718314 
0 17726648 
0 17734982 
0 17743316 
0 17751650 
0 17759984 
0 17768318 
0 17776652 
0 17784986 
0 17793320 
0 17801654 
0 17809988 
0 17818322 
0 17826656 
0 17834990 
0 17843324 
0 17851658 
0 17859992 
0 17868326 
0 17876660 
0 17884994 
0 17893328 
0 17901662 
0 17909996 
0 17918330 
0 17926664 
0 17934998 
0 17943332 
0 17951666 
0 17960000 
0 17968334 
0 17976668 
0 17985002 
0 17993336 
0 18001670 
0 18010004 
0 18018338 
0 18026672 
0 18035006 
0 18043340 
0 18051674 
0 18060008 
0 18068342 
0 18076676 
0 18085010 
0 18093344 
0 18101678 
0 18110012 
0 18118346 
0 18126680 
0 18135014 
0 18143348 
0 18151682 
0 18160016 
0 18168350 
0 18176684 
0 18185018 
0 18193352 
0 18201686 
0 18210020 
0 18218354 
0 18226688 
0 18235022 
0 18243356 
0 18251690 
0 18260024 
0 18268358 
0 18276692 
0 18285026 
0 18293360 
0 18301694 
0 18310028 
0 18318362 
0 18326696 
0 18335030 
0 18343364 
0 18351698 
0 18360032 
0 18368366 
0 18376700 
0 18385034 
0 18393368 
0 18401702 
0 18410036 
0 18418370 
0 18426704 
0 18435038 
0 18443372 
0 18451706 
0 18460040 
0 18468374 
0 18476708 
0 18485042 
0 18493376 
0 18501710 
0 18510044 
0 18518378 
0 18526712 
0 18535046 
0 18543380 
0 18551714 
0 18560048 
0 18568382 
0 18576716 
0 18585050 
0 18593384 
0 18601718 
0 18610052 
0 18618386 
0 18626720 
0 18635054 
0 18643388 
0 18651722 
0 18660056 
0 18668390 
0 18676724 
0 18685058 
0 18693392 
0 18701726 
0 18710060 
0 18718394 
0 18726728 
0 18735062 
0 18743396 
0 18751730 
0 18760064 
0 18768398 
0 18776732 
0 18785066 
0 18793400 
0 18801734 
0 18810068 
0 18818402 
0 18826736 
0 18835070 
0 18843404 
0 18851738 
0 18860072 
0 18868406 
0 18876740 
0 18885074 
0 18893408 
0 18901742 
0 18910076 
0 18918410 
0 18926744 
0 18935078 
0 18943412 
0 18951746 
0 18960080 
0 18968414 
0 18976748 
0 18985082 
0 18993416 
0 19001750 
0 19010084 
0 19018418 
0 19026752 
0 19035086 
0 19043420 
0 19051754 
0 19060088 
0 19068422 
0 19076756 
0 19085090 
0 19093424 
0 19101758 
0 19110092 
0 19118426 
0 19126760 
0 19135094 
0 19143428 
0 19151762 
0 19160096 
0 19168430 
0 19176764 
0 19185098 
0 19193432 
0 19201766 
0 19210100 
0 19218434 
0 19226768 
0 19235102 
0 19243436 
0 19251770 
0 19260104 
0 19268438 
0 19276772 
0 19285106 
0 19293440 
0 19301774 
0 19310108 
0 19318442 
0 19326776 
0 19335110 
0 19343444 
0 19351778 
0 19360112 
0 19368446 
0 19376780 
0 19385114 
0 19393448 
0 19401782 
0 19410116 
0 19418450 
0 19426784 
0 19435118 
0 19443452 
0 19451786 
0 19460120 
0 19468454 
0 19476788 
0 19485122 
0 19493456 
0 19501790 
0 19510124 
0 19518458 
0 19526792 
0 19535126 
0 19543460 
0 19551794 
0 19560128 
0 19568462 
0 19576796 
0 19585130 
0 19593464 
0 19601798 
0 19610132 
0 19618466 
0 19626800 
0 19635134 
0 19643468 
0 19651802 
0 19660136 
0 19668470 
0 19676804 
0 19685138 
0 19693472 
0 19701806 
0 19710140 
0 19718474 
0 19726808 
0 19735142 
0 19743476 
0 19751810 
0 19760144 
0 19768478 
0 19776812 
0 19785146 
0 19793480 
0 19801814 
0 19810148 
0 19818482 
0 19826816 
0 19835150 
0 19843484 
0 19851818 
0 19860152 
0 19868486 
0 19876820 
0 19885154 
0 19893488 
0 19901822 
0 19910156 
0 19918490 
0 19926824 
0 19935158 
0 19943492 
0 19951826 
0 19960160 
0 19968494 
0 19976828 
0 19985162 
0 19993496 
0 20001830 
0 20010164 
0 20018498 
0 20026832 
0 20035166 
0 20043500 
0 20051834 
0 20060168 
0 20068502 
0 20076836 
0 20085170 
0 20093504 
0 20101838 
0 20110172 
0 20118506 
0 20126840 
0 20135174 
0 20143508 
0 20151842 
0 20160176 
0 20168510 
0 20176844 
0 20185178 
0 20193512 
0 20201846 
0 20210180 
0 20218514 
0 20226848 
0 20235182 
0 20243516 
0 20251850 
0 20260184 
0 20268518 
0 20276852 
0 20285186 
0 20293520 
0 20301854 
0 20310188 
0 20318522 
0 20326856 
0 20335190 
0 20343524 
0 20351858 
0 20360192 
0 20368526 
0 20376860 
0 20385194 
0 20393528 
0 20401862 
0 20410196 
0 20418530 
0 20426864 
0 20435198 
0 20443532 
0 20451866 
0 20460200 
0 20468534 
0 20476868 
0 20485202 
0 20493536 
0 20501870 
0 20510204 
0 20518538 
0 20526872 
0 20535206 
0 20543540 
0 20551874 
0 20560208 
0 20568542 
0 20576876 
0 20585210 
0 20593544 
0 20601878 
0 20610212 
0 20618546 
0 20626880 
0 20635214 
0 20643548 
0 20651882 
0 20660216 
0 20668550 
0 20676884 
0 20685218 
0 20693552 
0 20701886 
0 20710220 
0 20718554 
0 20726888 
0 20735222 
0 20743556 
0 20751890 
0 20760224 
0 20768558 
0 20776892 
0 20785226 
0 20793560 
0 20801894 
0 20810228 
0 20818562 
0 20826896 
0 20835230 
0 20843564 
0 20851898 
0 20860232 
