RAF
4 10867739
4 10876073
4 10884407
4 10892741
3 10901075
18 10909409
60 10917743
103 10926077
153 10934411
195 10942745
236 10951079
285 10959413
327 10967747
369 10976081
414 10984415
456 10992749
496 11001083
545 11009417
588 11017751
630 11026085
681 11034419
728 11042753
773 11051087
825 11059421
873 11067755
921 11076089
975 11084423
1015 11092757
1052 11101091
1087 11109425
1116 11117759
1144 11126093
1174 11134427
1196 11142761
1218 11151095
1237 11159429
1255 11167763
1273 11176097
1291 11184431
1303 11192765
1315 11201099
1328 11209433
1339 11217767
1348 11226101
1358 11234435
1366 11242769
1373 11251103
1381 11259437
1389 11267771
1394 11276105
1400 11284439
1406 11292773
1412 11301107
1417 11309441
1422 11317775
1424 11326109
1430 11334443
1434 11342777
1437 11351111
1439 11359445
1443 11367779
1445 11376113
1447 11384447
1451 11392781
1451 11401115
1454 11409449
1456 11417783
1456 11426117
1458 11434451
1458 11442785
1460 11451119
1462 11459453
1461 11467787
1463 11476121
1465 11484455
1465 11492789
1465 11501123
1467 11509457
1468 11517791
1470 11526125
1470 11534459
1471 11542793
1470 11551127
1471 11559461
1472 11567795
1472 11576129
1472 11584463
1472 11592797
1471 11601131
1472 11609465
1472 11617799
1474 11626133
1472 11634467
1475 11642801
1472 11651135
1474 11659469
1474 11667803
1474 11676137
1474 11684471
1475 11692805
1475 11701139
1474 11709473
1476 11717807
1477 11726141
1476 11734475
1476 11742809
1476 11751143
1478 11759477
1477 11767811
1479 11776145
1480 11784479
1480 11792813
1480 11801147
1480 11809481
1480 11817815
1482 11826149
1481 11834483
1482 11842817
1483 11851151
1480 11859485
1482 11867819
1482 11876153
1482 11884487
1483 11892821
1482 11901155
1483 11909489
1483 11917823
1483 11926157
1483 11934491
1484 11942825
1485 11951159
1483 11959493
1483 11967827
1483 11976161
1484 11984495
1483 11992829
1484 12001163
1484 12009497
1485 12017831
1483 12026165
1483 12034499
1484 12042833
1483 12051167
1483 12059501
1485 12067835
1484 12076169
1484 12084503
1485 12092837
1485 12101171
1485 12109505
1484 12117839
1485 12126173
1485 12134507
1485 12142841
1485 12151175
1483 12159509
1485 12167843
1483 12176177
1485 12184511
1484 12192845
1485 12201179
1485 12209513
1485 12217847
1484 12226181
1485 12234515
1484 12242849
1485 12251183
1485 12259517
1484 12267851
1486 12276185
1485 12284519
1485 12292853
1484 12301187
1485 12309521
1485 12317855
1485 12326189
1484 12334523
1486 12342857
1485 12351191
1485 12359525
1486 12367859
1486 12376193
1486 12384527
1485 12392861
1487 12401195
1486 12409529
1484 12417863
1485 12426197
1484 12434531
1486 12442865
1485 12451199
1485 12459533
1486 12467867
1485 12476201
1486 12484535
1487 12492869
1487 12501203
1485 12509537
1485 12517871
1487 12526205
1487 12534539
1486 12542873
1487 12551207
1485 12559541
1485 12567875
1487 12576209
1487 12584543
1485 12592877
1485 12601211
1486 12609545
1487 12617879
1485 12626213
1485 12634547
1486 12642881
1486 12651215
1486 12659549
1488 12667883
1487 12676217
1487 12684551
1487 12692885
1487 12701219
1485 12709553
1487 12717887
1485 12726221
1487 12734555
1487 12742889
1487 12751223
1485 12759558
1487 12767892
1485 12776226
1487 12784560
1487 12792894
1485 12801228
1486 12809562
1487 12817896
1486 12826230
1486 12834564
1485 12842898
1487 12851232
1485 12859566
1487 12867900
1486 12876234
1485 12884568
1487 12892902
1488 12901236
1488 12909570
1488 12917904
1486 12926238
1485 12934572
1485 12942906
1486 12951240
1487 12959574
1487 12967908
1485 12976242
1486 12984576
1486 12992910
1487 13001244
1487 13009578
1487 13017912
1487 13026246
1487 13034580
1487 13042914
1486 13051248
1486 13059582
1487 13067916
1486 13076250
1487 13084584
1487 13092918
1486 13101252
1487 13109586
1487 13117920
1487 13126254
1488 13134588
1486 13142922
1487 13151256
1489 13159594
1488 13167928
1486 13176262
1487 13184596
1487 13192930
1485 13201264
1486 13209598
1486 13217932
1486 13226266
1487 13234600
1486 13242934
1486 13251268
1486 13259602
1487 13267936
1487 13276270
1486 13284604
1488 13292938
1486 13301272
1485 13309606
1487 13317940
1487 13326274
1487 13334608
1487 13342942
1487 13351276
1487 13359610
1488 13367944
1487 13376278
1487 13384612
1487 13392946
1485 13401280
1487 13409614
1486 13417948
1486 13426282
1486 13434616
1487 13442950
1487 13451284
1488 13459618
1488 13467952
1486 13476286
1486 13484620
1488 13492954
1487 13501288
1487 13509622
1487 13517956
1486 13526290
1486 13534624
1487 13542958
1487 13551292
1487 13559626
1487 13567960
1488 13576294
1487 13584628
1487 13592962
1487 13601296
1486 13609630
1487 13617964
1487 13626298
1487 13634632
1487 13642966
1488 13651300
1486 13659634
1487 13667968
1487 13676302
1487 13684636
1487 13692970
1487 13701304
1485 13709638
1487 13717972
1487 13726306
1487 13734640
1487 13742974
1486 13751308
1486 13759642
1487 13767976
1487 13776310
1487 13784644
1488 13792978
1486 13801312
1485 13809646
1487 13817980
1488 13826314
1487 13834648
1487 13842982
1487 13851316
1487 13859650
1487 13867984
1487 13876318
1487 13884652
1488 13892986
1486 13901320
1486 13909654
1486 13917988
1487 13926322
1486 13934656
1488 13942990
1487 13951324
1487 13959658
1485 13967992
1487 13976326
1487 13984660
1487 13992994
1487 14001328
1487 14009662
1487 14017996
1487 14026330
1487 14034664
1486 14042998
1487 14051332
1487 14059666
1487 14068000
1486 14076334
1487 14084668
1485 14093002
1487 14101336
1486 14109670
1487 14118004
1487 14126338
1487 14134672
1487 14143006
1487 14151340
1487 14159674
1486 14168008
1486 14176342
1486 14184676
1487 14193010
1488 14201344
1488 14209678
1486 14218012
1488 14226346
1487 14234680
1487 14243014
1488 14251348
1486 14259682
1488 14268016
1488 14276350
1488 14284684
1487 14293018
1487 14301352
1488 14309686
1488 14318020
1487 14326354
1488 14334688
1487 14343022
1487 14351356
1486 14359690
1486 14368024
1487 14376358
1487 14384692
1487 14393026
1487 14401360
1487 14409694
1487 14418028
1486 14426362
1487 14434696
1487 14443030
1487 14451364
1487 14459698
1486 14468032
1488 14476366
1487 14484700
1487 14493034
1487 14501368
1485 14509702
1488 14518036
1488 14526370
1488 14534704
1486 14543038
1487 14551372
1488 14559706
1487 14568040
1487 14576374
1487 14584708
1486 14593042
1486 14601376
1487 14609710
1487 14618044
1487 14626378
1487 14634712
1486 14643046
1488 14651380
1488 14659714
1486 14668048
1488 14676382
1487 14684716
1487 14693050
1486 14701384
1487 14709718
1485 14718052
1488 14726386
1488 14734720
1487 14743054
1487 14751388
1487 14759722
1487 14768056
1487 14776390
1488 14784724
1489 14793058
1489 14801392
1486 14809726
1486 14818060
1487 14826394
1486 14834728
1487 14843062
1487 14851396
1488 14859730
1487 14868064
1487 14876398
1487 14884732
1487 14893066
1486 14901400
1487 14909734
1488 14918068
1487 14926402
1487 14934736
1487 14943070
1487 14951404
1485 14959738
1487 14968072
1488 14976406
1487 14984740
1487 14993074
1486 15001408
1488 15009742
1487 15018076
1488 15026410
1487 15034744
1486 15043078
1489 15051412
1486 15059746
1486 15068080
1487 15076414
1487 15084748
1486 15093082
1487 15101416
1486 15109750
1485 15118084
1487 15126418
1486 15134752
1487 15143086
1487 15151420
1487 15159754
1486 15168088
1488 15176422
1488 15184756
1487 15193090
1486 15201424
1485 15209758
1486 15218092
1487 15226426
1487 15234760
1486 15243094
1486 15251428
1487 15259762
1486 15268096
1486 15276430
1487 15284764
1487 15293098
1487 15301432
1487 15309766
1489 15318100
1488 15326434
1486 15334768
1488 15343102
1488 15351436
1487 15359770
1487 15368104
1487 15376438
1487 15384772
1487 15393106
1487 15401440
1487 15409774
1486 15418108
1487 15426442
1485 15434776
1487 15443110
1487 15451444
1486 15459778
1487 15468112
1486 15476446
1487 15484780
1487 15493114
1487 15501448
1487 15509782
1488 15518116
1487 15526450
1486 15534784
1487 15543118
1486 15551452
1487 15559786
1486 15568120
1487 15576454
1487 15584788
1486 15593122
1487 15601456
1488 15609790
1486 15618124
1488 15626458
1486 15634792
1488 15643126
1486 15651460
1487 15659794
1487 15668128
1488 15676462
1487 15684796
1486 15693130
1487 15701464
1486 15709798
1488 15718132
1486 15726466
1487 15734800
1488 15743134
1487 15751468
1487 15759802
1487 15768136
1488 15776470
1488 15784804
1487 15793138
1487 15801472
1487 15809806
1487 15818140
1487 15826474
1488 15834808
1487 15843142
1488 15851476
1487 15859810
1487 15868144
1487 15876478
1487 15884812
1488 15893146
1487 15901480
1475 15909814
1439 15918148
1398 15926482
1356 15934816
1317 15943150
1278 15951484
1237 15959818
1199 15968152
1161 15976486
1120 15984820
1079 15993154
1039 16001488
990 16009822
945 16018156
902 16026490
854 16034824
814 16043158
770 16051492
725 16059826
683 16068160
642 16076494
595 16084828
555 16093162
518 16101496
481 16109830
451 16118164
423 16126498
394 16134832
369 16143166
346 16151500
319 16159834
299 16168168
282 16176502
263 16184836
247 16193170
232 16201504
215 16209838
204 16218172
192 16226506
180 16234840
169 16243174
160 16251508
151 16259842
143 16268176
135 16276510
129 16284844
119 16293178
115 16301512
108 16309846
103 16318180
97 16326514
91 16334848
86 16343182
81 16351516
78 16359850
75 16368184
71 16376518
67 16384852
64 16393186
62 16401520
60 16409854
58 16418188
54 16426522
54 16434856
51 16443190
48 16451524
46 16459858
46 16468192
44 16476526
42 16484860
41 16493194
37 16501528
37 16509862
35 16518196
36 16526530
34 16534864
33 16543198
31 16551532
30 16559866
30 16568200
29 16576534
27 16584868
27 16593202
26 16601536
27 16609870
25 16618204
25 16626538
25 16634872
24 16643206
24 16651540
24 16659874
24 16668208
23 16676542
23 16684876
23 16693210
22 16701544
23 16709878
20 16718212
21 16726546
21 16734880
19 16743214
19 16751548
19 16759882
19 16768216
18 16776550
18 16784884
17 16793218
17 16801552
17 16809886
16 16818220
15 16826554
17 16834888
16 16843222
15 16851556
16 16859890
15 16868224
15 16876558
16 16884892
15 16893226
15 16901560
15 16909894
13 16918228
13 16926562
14 16934896
14 16943230
13 16951564
14 16959898
14 16968232
13 16976566
13 16984900
12 16993234
12 17001568
13 17009902
12 17018236
14 17026570
12 17034904
14 17043238
13 17051572
12 17059906
11 17068240
11 17076574
11 17084908
11 17093242
12 17101576
11 17109910
12 17118244
12 17126578
12 17134912
12 17143246
12 17151580
12 17159914
10 17168248
11 17176582
12 17184916
12 17193250
12 17201584
12 17209918
12 17218252
11 17226586
13 17234920
11 17243254
11 17251588
12 17259922
12 17268256
13 17276590
12 17284924
12 17293258
12 17301592
11 17309926
10 17318260
11 17326594
10 17334928
11 17343262
11 17351596
12 17359930
12 17368264
12 17376598
11 17384932
11 17393266
11 17401600
11 17409934
12 17418268
11 17426602
11 17434936
10 17443270
10 17451626
11 17459960
11 17468294
11 17476628
10 17484962
11 17493296
10 17501630
11 17509964
11 17518298
11 17526632
10 17534966
9 17543300
12 17551634
11 17559968
9 17568302
10 17576636
10 17584970
10 17593304
11 17601638
10 17609972
10 17618306
11 17626640
10 17634974
9 17643308
10 17651642
10 17659976
10 17668310
10 17676644
10 17684978
10 17693312
10 17701646
11 17709980
11 17718314
10 17726648
11 17734982
9 17743316
10 17751650
10 17759984
10 17768318
10 17776652
11 17784986
11 17793320
10 17801654
11 17809988
11 17818322
9 17826656
11 17834990
10 17843324
10 17851658
9 17859992
9 17868326
8 17876660
10 17884994
10 17893328
10 17901662
10 17909996
10 17918330
9 17926664
10 17934998
12 17943332
10 17951666
9 17960000
10 17968334
10 17976668
10 17985002
11 17993336
10 18001670
10 18010004
10 18018338
10 18026672
11 18035006
10 18043340
10 18051674
10 18060008
9 18068342
10 18076676
10 18085010
9 18093344
8 18101678
11 18110012
10 18118346
10 18126680
10 18135014
10 18143348
10 18151682
11 18160016
9 18168350
10 18176684
10 18185018
9 18193352
10 18201686
10 18210020
10 18218354
10 18226688
10 18235022
10 18243356
9 18251690
10 18260024
10 18268358
8 18276692
9 18285026
10 18293360
9 18301694
9 18310028
10 18318362
10 18326696
10 18335030
10 18343364
10 18351698
11 18360032
10 18368366
10 18376700
10 18385034
10 18393368
10 18401702
11 18410036
10 18418370
9 18426704
10 18435038
10 18443372
10 18451706
9 18460040
10 18468374
9 18476708
10 18485042
10 18493376
10 18501710
10 18510044
10 18518378
10 18526712
10 18535046
10 18543380
10 18551714
11 18560048
9 18568382
8 18576716
10 18585050
10 18593384
10 18601718
10 18610052
11 18618386
10 18626720
10 18635054
9 18643388
8 18651722
11 18660056
10 18668390
11 18676724
10 18685058
9 18693392
10 18701726
11 18710060
10 18718394
9 18726728
10 18735062
10 18743396
9 18751730
10 18760064
12 18768398
8 18776732
10 18785066
10 18793400
10 18801734
10 18810068
9 18818402
9 18826736
11 18835070
9 18843404
10 18851738
10 18860072
10 18868406
10 18876740
10 18885074
10 18893408
10 18901742
11 18910076
9 18918410
8 18926744
11 18935078
8 18943412
9 18951746
10 18960080
10 18968414
10 18976748
10 18985082
10 18993416
10 19001750
11 19010084
10 19018418
10 19026752
11 19035086
10 19043420
10 19051754
10 19060088
10 19068422
10 19076756
11 19085090
10 19093424
9 19101758
11 19110092
11 19118426
10 19126760
9 19135094
9 19143428
9 19151762
10 19160096
10 19168430
10 19176764
10 19185098
10 19193432
9 19201766
10 19210100
10 19218434
10 19226768
10 19235102
10 19243436
10 19251770
9 19260104
9 19268438
9 19276772
10 19285106
7 19293440
10 19301774
10 19310108
9 19318442
10 19326776
11 19335110
9 19343444
10 19351778
11 19360112
9 19368446
10 19376780
10 19385114
10 19393448
10 19401782
11 19410116
10 19418450
10 19426784
10 19435118
10 19443452
9 19451786
10 19460120
10 19468454
10 19476788
10 19485122
9 19493456
10 19501790
11 19510124
10 19518458
10 19526792
10 19535126
10 19543460
10 19551794
9 19560128
10 19568462
10 19576796
11 19585130
9 19593464
8 19601798
10 19610132
10 19618466
11 19626800
10 19635134
10 19643468
9 19651802
10 19660136
10 19668470
9 19676804
10 19685138
8 19693472
8 19701806
10 19710140
10 19718474
10 19726808
11 19735142
10 19743476
8 19751810
9 19760144
10 19768478
9 19776812
10 19785146
9 19793480
11 19801814
10 19810148
10 19818482
10 19826816
10 19835150
10 19843484
10 19851818
9 19860152
11 19868486
10 19876820
11 19885154
10 19893488
10 19901822
9 19910156
10 19918490
10 19926824
10 19935158
10 19943492
10 19951826
10 19960160
10 19968494
10 19976828
11 19985162
10 19993496
9 20001830
10 20010164
9 20018498
9 20026832
11 20035166
10 20043500
10 20051834
10 20060168
10 20068502
10 20076836
11 20085170
11 20093504
10 20101838
10 20110172
10 20118506
10 20126840
11 20135174
10 20143508
10 20151842
11 20160176
9 20168510
10 20176844
11 20185178
9 20193512
10 20201846
11 20210180
10 20218514
10 20226848
9 20235182
11 20243516
9 20251850
11 20260184
10 20268518
10 20276852
11 20285186
10 20293520
10 20301854
10 20310188
10 20318522
9 20326856
8 20335190
9 20343524
9 20351858
11 20360192
10 20368526
9 20376860
11 20385194
10 20393528
10 20401862
10 20410196
12 20418530
9 20426864
9 20435198
10 20443532
10 20451866
11 20460200
10 20468534
9 20476868
10 20485202
10 20493536
9 20501870
9 20510204
10 20518538
10 20526872
10 20535206
10 20543540
10 20551874
11 20560208
8 20568542
10 20576876
11 20585210
10 20593544
12 20601878
10 20610212
10 20618546
10 20626880
11 20635214
10 20643548
10 20651882
9 20660216
10 20668550
10 20676884
10 20685218
10 20693552
11 20701886
10 20710220
10 20718554
10 20726888
11 20735222
10 20743556
8 20751890
10 20760224
10 20768558
9 20776892
10 20785226
10 20793560
10 20801894
11 20810228
9 20818562
10 20826896
9 20835230
11 20843564
9 20851898
10 20860232
